[4,8,14,21,23] + [4,6]
[15,16,23,26,27] + [2,11]
[2,6,18,29,31] + [6,7]
[2,13,17,25,33] + [5,6]
[11,12,16,18,22] + [3,7]

2021-03-08T16:18:24.485
[16,20,22,26,32] + [2,3]
[1,7,11,27,35] + [7,9]
[6,11,12,15,34] + [4,6]
[4,7,10,19,25] + [3,5]


2021-03-10T12:01:17.528
[2,6,20,30,34] + [3,9]
[7,12,14,18,21] + [4,6]
[1,7,21,22,34] + [7,9]
[3,7,17,24,25] + [4,6]


2021-03-12T11:15:07.831
[3,5,16,17,32] + [5,10]
[5,9,22,23,34] + [4,5]
[8,14,26,29,35] + [1,11]
[3,17,19,23,32] + [6,11]


2021-03-15T14:58:33.693
[3,13,19,23,27] + [10,11]
[2,4,14,17,22] + [10,11]
[13,14,29,31,32] + [3,5]
[6,13,15,19,25] + [7,9]


2021-03-17T17:35:21.089
[2,20,24,33,35] + [7,8]
[2,4,14,17,30] + [5,11]
[9,10,14,15,26] + [2,9]
[2,6,11,24,35] + [1,2]


2021-03-19T16:17:45.778
[9,18,24,30,33] + [2,7]
[8,11,13,27,35] + [3,8]
[2,12,18,30,33] + [3,5]
[26,28,29,30,35] + [2,8]


2021-03-22T11:07:44.135
[9,13,21,22,32] + [7,10]
[2,14,28,30,35] + [2,4]
[2,3,13,22,35] + [10,11]
[13,21,26,27,32] + [2,6]


2021-03-22T11:39:27.062
[5,12,14,32,33] + [7,8]
[4,5,7,9,25] + [1,9]
[4,15,27,29,34] + [3,7]
[5,11,12,22,30] + [8,10]
